=== Run information ===

Scheme:       weka.classifiers.meta.AdaBoostM1 -P 100 -S 1 -I 10 -W weka.classifiers.functions.LDA -- -R 1.0E-6
Relation:     voice-weka.filters.supervised.attribute.NominalToBinary
Instances:    3168
Attributes:   21
              meanfreq
              sd
              median
              Q25
              Q75
              IQR
              skew
              kurt
              sp.ent
              sfm
              mode
              centroid
              meanfun
              minfun
              maxfun
              meandom
              mindom
              maxdom
              dfrange
              modindx
              label
Test mode:    10-fold cross-validation

=== Classifier model (full training set) ===

AdaBoostM1: Base classifiers and their weights: 

LDA model (multivariate Gaussian for each class)

Pooled estimator

Natural logarithm of normalizing factor: 45.60977074854043

Mean vector:

        20                  20
         1  1.809066117424e-01
         2  5.712596527778e-02
         3  1.856206805556e-01
         4  1.404555912247e-01
         5  2.247649668561e-01
         6  8.430937310606e-02
         7  3.140167518624e+00
         8  3.656846078472e+01
         9  8.951270656566e-01
        10  4.082164081439e-01
        11  1.652818061869e-01
        12  1.809066117424e-01
        13  1.428067256944e-01
        14  3.680183017677e-02
        15  2.588422803030e-01
        16  8.292109810606e-01
        17  5.264744097222e-02
        18  5.047276960227e+00
        19  4.994629921402e+00
        20  1.737515082071e-01

Inverse of covariance matrix:

  537186.34  27101.32 -17721.32 -19259.21 -24448.19 -5188.34  15.90 -0.31  1060.36  482.01 -296.30 -462813.66  724.36 -582.28 -434.94 -64.46  59.26  28.21 -29.19  4.18
  27101.32  65257.78 -14787.11 -11512.85 -21941.14 -10429.98 -82.28  1.94  215.43 -1728.47  314.95  27101.32 -1637.77  732.30 -544.45  17.61  311.91  157.50 -152.87 -101.53
 -17721.32 -14787.11  12460.66  7565.12  9729.42  2164.22 -4.05  0.03 -507.99 -36.83 -299.64 -17721.32 -258.33  277.55  223.10  27.91 -64.96 -31.16  32.34  13.02
 -19259.21 -11512.85  7565.12  344832.17 -319449.81  335717.51 -13.54  0.35 -718.81 -217.74  179.77 -19259.21 -640.21  464.41  167.05  30.13 -19.35 -8.93  9.62  0.56
 -24448.19 -21941.14  9729.42 -319449.81  352301.28 -328248.69  2.31 -0.16 -1133.37 -26.68  185.96 -24448.19 -945.10  338.37  191.80  25.50 -11.08 -4.96  5.41  16.06
 -5188.34 -10429.98  2164.22  335717.51 -328248.69  336034.27  15.87 -0.51 -413.52  191.03  6.25 -5188.34 -304.81 -125.37  24.80 -4.66  8.22  3.95 -4.18  15.41
  15.90 -82.28 -4.05 -13.54  2.31  15.87  2.29 -0.06  47.19 -2.17  3.76  15.90  21.46  2.33 -1.20  0.26 -1.47 -0.71  0.76 -0.26
 -0.31  1.94  0.03  0.35 -0.16 -0.51 -0.06  0.00 -0.98  0.04 -0.06 -0.31 -0.39 -0.07  0.01 -0.01  0.03  0.02 -0.02  0.05
  1060.36  215.43 -507.99 -718.81 -1133.37 -413.52  47.19 -0.98  4760.77 -853.42  82.93  1060.36  1532.18  281.38 -418.86 -4.97  1.48  2.84  0.86 -2.15
  482.01 -1728.47 -36.83 -217.74 -26.68  191.03 -2.17  0.04 -853.42  368.18 -46.01  482.01 -121.89 -18.58  87.48 -1.88  0.49 -0.08 -0.50 -1.10
 -296.30  314.95 -299.64  179.77  185.96  6.25  3.76 -0.06  82.93 -46.01  419.53 -296.30 -119.14 -145.78  77.16 -5.47 -21.58 -10.99  11.00  32.78
 -462813.66  27101.32 -17721.32 -19259.21 -24448.19 -5188.34  15.90 -0.31  1060.36  482.01 -296.30  537186.34  724.36 -582.28 -434.94 -64.46  59.26  28.21 -29.19  4.18
  724.36 -1637.77 -258.33 -640.21 -945.10 -304.81  21.46 -0.39  1532.18 -121.89 -119.14  724.36  5192.19 -1169.90 -780.21  24.29 -45.17 -22.09  21.37 -44.49
 -582.28  732.30  277.55  464.41  338.37 -125.37  2.33 -0.07  281.38 -18.58 -145.78 -582.28 -1169.90  3996.35 -145.96 -22.41  30.87  15.45 -15.62 -98.31
 -434.94 -544.45  223.10  167.05  191.80  24.80 -1.20  0.01 -418.86  87.48  77.16 -434.94 -780.21 -145.96  1750.35 -26.33  114.90  58.33 -57.70  121.12
 -64.46  17.61  27.91  30.13  25.50 -4.66  0.26 -0.01 -4.97 -1.88 -5.47 -64.46  24.29 -22.41 -26.33  13.65 -3.22 -2.39  0.83 -13.47
  59.26  311.91 -64.96 -19.35 -11.08  8.22 -1.47  0.03  1.48  0.49 -21.58  59.26 -45.17  30.87  114.90 -3.22  333485.39 -333257.54  333257.95 -19.80
  28.21  157.50 -31.16 -8.93 -4.96  3.95 -0.71  0.02  2.84 -0.08 -10.99  28.21 -22.09  15.45  58.33 -2.39 -333257.54  333371.15 -333370.77 -8.51
 -29.19 -152.87  32.34  9.62  5.41 -4.18  0.76 -0.02  0.86 -0.50  11.00 -29.19  21.37 -15.62 -57.70  0.83  333257.95 -333370.77  333370.73  11.63
  4.18 -101.53  13.02  0.56  16.06  15.41 -0.26  0.05 -2.15 -1.10  32.78  4.18 -44.49 -98.31  121.12 -13.47 -19.80 -8.51  11.63  129.14



Estimates for class value male

Natural logarithm of class prior probability: -0.69
Class prior probability: 0.5

Mean vector:

meanfreq: 0.17
sd: 0.07
median: 0.18
Q25: 0.12
Q75: 0.23
IQR: 0.11
skew: 3.3
kurt: 48.33
sp.ent: 0.92
sfm: 0.47
mode: 0.15
centroid: 0.17
meanfun: 0.12
minfun: 0.03
maxfun: 0.25
meandom: 0.73
mindom: 0.04
maxdom: 4.36
dfrange: 4.32
modindx: 0.18

Estimates for class value female

Natural logarithm of class prior probability: -0.69
Class prior probability: 0.5

Mean vector:

meanfreq: 0.19
sd: 0.05
median: 0.2
Q25: 0.17
Q75: 0.22
IQR: 0.06
skew: 2.98
kurt: 24.81
sp.ent: 0.87
sfm: 0.34
mode: 0.18
centroid: 0.19
meanfun: 0.17
minfun: 0.04
maxfun: 0.26
meandom: 0.93
mindom: 0.06
maxdom: 5.74
dfrange: 5.67
modindx: 0.17



Weight: 3.44

LDA model (multivariate Gaussian for each class)

Pooled estimator

Natural logarithm of normalizing factor: 44.299381748235874

Mean vector:

        20                  20
         1  1.750679695141e-01
         2  6.053366171641e-02
         3  1.786290733032e-01
         4  1.325780331749e-01
         5  2.213250405803e-01
         6  8.874702092003e-02
         7  3.258866913638e+00
         8  4.324722024693e+01
         9  9.060889979525e-01
        10  4.464721905105e-01
        11  1.553833401649e-01
        12  1.750679695141e-01
        13  1.421108102606e-01
        14  3.211100561058e-02
        15  2.591718443927e-01
        16  8.147968692548e-01
        17  5.119009699860e-02
        18  4.814729551964e+00
        19  4.763539830389e+00
        20  1.797942729043e-01

Inverse of covariance matrix:

  532945.04  21191.29 -15272.26 -17418.72 -21663.51 -4248.76 -9.76  0.42  38.28  761.13 -174.82 -467054.96  657.32 -244.62 -261.64 -22.11 -97.02 -50.42  46.84  6.78
  21191.29  52115.33 -10717.25 -8592.15 -16572.41 -7987.97 -53.44  1.26  544.21 -1241.13 -41.34  21191.29  404.40  1377.70  132.57  50.31  298.27  149.81 -146.49  74.27
 -15272.26 -10717.25  10561.81  6418.19  8132.80  1715.71  5.89 -0.30  155.57 -301.30 -215.39 -15272.26 -643.69  364.70  211.85  15.25  94.45  48.03 -46.60 -29.11
 -17418.72 -8592.15  6418.19  344154.57 -320595.82  335251.78  4.31 -0.12 -216.53 -339.68  94.27 -17418.72 -184.12  280.82  41.02  8.02  16.91  9.47 -7.50 -10.62
 -21663.51 -16572.41  8132.80 -320595.82  349829.05 -329571.95  14.61 -0.46 -441.01 -249.24  129.77 -21663.51 -182.82 -118.89 -204.87  0.54 -7.68 -2.99  5.00 -31.32
 -4248.76 -7987.97  1715.71  335251.78 -329571.95  335177.03  10.36 -0.34 -224.13  90.66  35.26 -4248.76  1.11 -398.22 -246.92 -7.43 -24.79 -12.57  12.60 -21.14
 -9.76 -53.44  5.89  4.31  14.61  10.36  1.68 -0.04  43.25 -4.81  2.79 -9.76  6.44  5.56 -6.19  0.25 -2.16 -1.08  1.11  0.53
  0.42  1.26 -0.30 -0.12 -0.46 -0.34 -0.04  0.00 -0.87  0.11 -0.03  0.42 -0.08 -0.12  0.20 -0.01  0.05  0.03 -0.03  0.02
  38.28  544.21  155.57 -216.53 -441.01 -224.13  43.25 -0.87  4783.74 -921.01  68.67  38.28  1082.01  654.55 -444.68 -14.38 -50.98 -24.61  26.47  3.84
  761.13 -1241.13 -301.30 -339.68 -249.24  90.66 -4.81  0.11 -921.01  353.02 -19.87  761.13 -176.55 -56.35  87.59  0.64  0.95  0.23 -0.92 -19.49
 -174.82 -41.34 -215.39  94.27  129.77  35.26  2.79 -0.03  68.67 -19.87  321.69 -174.82  46.59 -254.82  85.88 -5.17 -17.04 -8.43  9.30  53.23
 -467054.96  21191.29 -15272.26 -17418.72 -21663.51 -4248.76 -9.76  0.42  38.28  761.13 -174.82  532945.04  657.32 -244.62 -261.64 -22.11 -97.02 -50.42  46.84  6.78
  657.32  404.40 -643.69 -184.12 -182.82  1.11  6.44 -0.08  1082.01 -176.55  46.59  657.32  2361.72 -416.81 -620.96 -0.65 -47.31 -23.77  20.88 -55.87
 -244.62  1377.70  364.70  280.82 -118.89 -398.22  5.56 -0.12  654.55 -56.35 -254.82 -244.62 -416.81  4939.51 -103.86 -35.62  47.61  23.21 -24.25 -50.29
 -261.64  132.57  211.85  41.02 -204.87 -246.92 -6.19  0.20 -444.68  87.59  85.88 -261.64 -620.96 -103.86  2082.40 -23.57  124.86  63.86 -61.99  146.35
 -22.11  50.31  15.25  8.02  0.54 -7.43  0.25 -0.01 -14.38  0.64 -5.17 -22.11 -0.65 -35.62 -23.57  13.13 -5.86 -3.75  2.17 -15.81
 -97.02  298.27  94.45  16.91 -7.68 -24.79 -2.16  0.05 -50.98  0.95 -17.04 -97.02 -47.31  47.61  124.86 -5.86  333468.62 -333265.71  333266.48 -16.84
 -50.42  149.81  48.03  9.47 -2.99 -12.57 -1.08  0.03 -24.61  0.23 -8.43 -50.42 -23.77  23.21  63.86 -3.75 -333265.71  333367.19 -333366.62 -6.78
  46.84 -146.49 -46.60 -7.50  5.00  12.60  1.11 -0.03  26.47 -0.92  9.30  46.84  20.88 -24.25 -61.99  2.17  333266.48 -333366.62  333366.40  10.44
  6.78  74.27 -29.11 -10.62 -31.32 -21.14  0.53  0.02  3.84 -19.49  53.23  6.78 -55.87 -50.29  146.35 -15.81 -16.84 -6.78  10.44  146.91



Estimates for class value male

Natural logarithm of class prior probability: -0.87
Class prior probability: 0.42

Mean vector:

meanfreq: 0.16
sd: 0.06
median: 0.17
Q25: 0.11
Q75: 0.22
IQR: 0.1
skew: 3.44
kurt: 50.36
sp.ent: 0.92
sfm: 0.5
mode: 0.13
centroid: 0.16
meanfun: 0.13
minfun: 0.03
maxfun: 0.26
meandom: 0.77
mindom: 0.04
maxdom: 4.63
dfrange: 4.59
modindx: 0.18

Estimates for class value female

Natural logarithm of class prior probability: -0.55
Class prior probability: 0.58

Mean vector:

meanfreq: 0.18
sd: 0.06
median: 0.19
Q25: 0.15
Q75: 0.23
IQR: 0.08
skew: 3.13
kurt: 38.08
sp.ent: 0.9
sfm: 0.41
mode: 0.17
centroid: 0.18
meanfun: 0.15
minfun: 0.03
maxfun: 0.26
meandom: 0.84
mindom: 0.06
maxdom: 4.95
dfrange: 4.89
modindx: 0.18



Weight: 1.13

LDA model (multivariate Gaussian for each class)

Pooled estimator

Natural logarithm of normalizing factor: 44.44155653869705

Mean vector:

        20                  20
         1  1.732108665317e-01
         2  6.192764720859e-02
         3  1.773258367292e-01
         4  1.299185039606e-01
         5  2.203297134055e-01
         6  9.041124388091e-02
         7  3.184603236286e+00
         8  4.004056592718e+01
         9  9.095142441114e-01
        10  4.586462422569e-01
        11  1.516674610170e-01
        12  1.732108665317e-01
        13  1.412623605655e-01
        14  3.116863164800e-02
        15  2.605753098556e-01
        16  8.032988958113e-01
        17  4.761382279470e-02
        18  4.846508785859e+00
        19  4.798895310132e+00
        20  1.767519092110e-01

Inverse of covariance matrix:

  531012.16  18037.54 -14174.15 -16490.20 -20276.68 -3788.52 -10.17  0.45  85.67  868.14 -141.17 -468987.84  570.05 -286.49 -56.16 -28.55 -123.57 -64.86  61.00  81.59
  18037.54  48593.50 -9201.04 -6825.93 -13877.98 -7061.58 -45.92  1.12  1291.55 -1148.49 -94.24  18037.54  816.46  1935.64  693.50  38.20  389.98  197.36 -192.11  173.24
 -14174.15 -9201.04  9806.66  6023.27  7446.90  1425.07 -0.33 -0.10  100.83 -340.10 -180.60 -14174.15 -673.59  660.27  50.45  6.73  82.93  43.91 -40.77 -36.92
 -16490.20 -6825.93  6023.27  343627.50 -321327.44  335046.24  9.41 -0.30 -97.13 -426.22  32.46 -16490.20 -111.02  244.95 -72.87  17.26  38.42  20.79 -19.23 -70.59
 -20276.68 -13877.98  7446.90 -321327.44  348664.02 -330006.60  16.57 -0.56 -424.88 -363.54  99.75 -20276.68 -198.17 -343.01 -403.20  17.17 -3.61 -0.72  1.27 -108.21
 -3788.52 -7061.58  1425.07  335046.24 -330006.60  334947.69  7.24 -0.26 -328.64  63.51  66.73 -3788.52 -88.28 -586.35 -331.11  0.01 -42.32 -21.67  20.65 -38.02
 -10.17 -45.92 -0.33  9.41  16.57  7.24  1.89 -0.05  53.84 -6.78  3.12 -10.17  5.93  9.66 -6.02  0.34 -2.87 -1.45  1.47  1.28
  0.45  1.12 -0.10 -0.30 -0.56 -0.26 -0.05  0.00 -1.13  0.16 -0.04  0.45 -0.08 -0.21  0.19 -0.01  0.07  0.03 -0.03  0.01
  85.67  1291.55  100.83 -97.13 -424.88 -328.64  53.84 -1.13  5191.56 -979.85  106.44  85.67  974.53  851.40 -399.71 -11.89 -112.24 -56.98  56.91  38.54
  868.14 -1148.49 -340.10 -426.22 -363.54  63.51 -6.78  0.16 -979.85  346.72 -34.61  868.14 -177.55 -89.66  52.68  1.35  13.64  6.81 -7.27 -30.55
 -141.17 -94.24 -180.60  32.46  99.75  66.73  3.12 -0.04  106.44 -34.61  305.11 -141.17  38.46 -291.53  115.37 -5.74 -14.64 -7.53  8.27  61.65
 -468987.84  18037.54 -14174.15 -16490.20 -20276.68 -3788.52 -10.17  0.45  85.67  868.14 -141.17  531012.16  570.05 -286.49 -56.16 -28.55 -123.57 -64.86  61.00  81.59
  570.05  816.46 -673.59 -111.02 -198.17 -88.28  5.93 -0.08  974.53 -177.55  38.46  570.05  2260.05 -256.82 -631.14 -4.28 -95.77 -48.11  45.36 -58.54
 -286.49  1935.64  660.27  244.95 -343.01 -586.35  9.66 -0.21  851.40 -89.66 -291.53 -286.49 -256.82  5887.82 -28.17 -54.22  111.19  55.64 -55.83 -5.31
 -56.16  693.50  50.45 -72.87 -403.20 -331.11 -6.02  0.19 -399.71  52.68  115.37 -56.16 -631.14 -28.17  2399.46 -23.16  136.73  69.41 -67.82  147.93
 -28.55  38.20  6.73  17.26  17.17  0.01  0.34 -0.01 -11.89  1.35 -5.74 -28.55 -4.28 -54.22 -23.16  13.37 -2.25 -1.93  0.43 -16.72
 -123.57  389.98  82.93  38.42 -3.61 -42.32 -2.87  0.07 -112.24  13.64 -14.64 -123.57 -95.77  111.19  136.73 -2.25  333488.08 -333256.06  333256.53 -16.90
 -64.86  197.36  43.91  20.79 -0.72 -21.67 -1.45  0.03 -56.98  6.81 -7.53 -64.86 -48.11  55.64  69.41 -1.93 -333256.06  333371.96 -333371.56 -6.81
  61.00 -192.11 -40.77 -19.23  1.27  20.65  1.47 -0.03  56.91 -7.27  8.27  61.00  45.36 -55.83 -67.82  0.43  333256.53 -333371.56  333371.46  10.42
  81.59  173.24 -36.92 -70.59 -108.21 -38.02  1.28  0.01  38.54 -30.55  61.65  81.59 -58.54 -5.31  147.93 -16.72 -16.90 -6.81  10.42  164.15



Estimates for class value male

Natural logarithm of class prior probability: -0.84
Class prior probability: 0.43

Mean vector:

meanfreq: 0.17
sd: 0.06
median: 0.17
Q25: 0.12
Q75: 0.22
IQR: 0.1
skew: 3.21
kurt: 43.32
sp.ent: 0.92
sfm: 0.48
mode: 0.15
centroid: 0.17
meanfun: 0.14
minfun: 0.03
maxfun: 0.26
meandom: 0.81
mindom: 0.05
maxdom: 4.79
dfrange: 4.74
modindx: 0.18

Estimates for class value female

Natural logarithm of class prior probability: -0.57
Class prior probability: 0.57

Mean vector:

meanfreq: 0.18
sd: 0.06
median: 0.18
Q25: 0.13
Q75: 0.22
IQR: 0.09
skew: 3.16
kurt: 37.54
sp.ent: 0.9
sfm: 0.44
mode: 0.16
centroid: 0.18
meanfun: 0.15
minfun: 0.03
maxfun: 0.26
meandom: 0.8
mindom: 0.05
maxdom: 4.89
dfrange: 4.84
modindx: 0.17



Weight: 0.55

Number of performed Iterations: 3


Time taken to build model: 0.04 seconds

=== Stratified cross-validation ===
=== Summary ===

Correctly Classified Instances        3068               96.8434 %
Incorrectly Classified Instances       100                3.1566 %
Kappa statistic                          0.9369
Mean absolute error                      0.0485
Root mean squared error                  0.1709
Relative absolute error                  9.6911 %
Root relative squared error             34.1716 %
Total Number of Instances             3168     

=== Detailed Accuracy By Class ===

                 TP Rate  FP Rate  Precision  Recall   F-Measure  MCC      ROC Area  PRC Area  Class
                 0.979    0.042    0.959      0.979    0.969      0.937    0.981     0.976     male
                 0.958    0.021    0.979      0.958    0.968      0.937    0.981     0.976     female
Weighted Avg.    0.968    0.032    0.969      0.968    0.968      0.937    0.981     0.976     

=== Confusion Matrix ===

    a    b   <-- classified as
 1551   33 |    a = male
   67 1517 |    b = female

